radius wavgoffset meanoffset varoffset wavg mean

J
5 -0.542342801537 -3.74230731592 3.44253212543 15.7888630538 19.4580718915
10 -0.277683164976 -3.57399035926 10.6864471554 15.3842955623 19.2897549348
15 -0.221971248131 -4.0249384104 51.3251034851 15.2752346296 19.7407029859
18 -0.209602798351 -4.54073717534 93.7071830302 15.244557964 20.2565017509
20 -0.206349280243 -5.00912663373 131.445276104 15.2245367954 20.7248912093
22 -0.201807489605 -5.55639933525 175.058349177 15.2143496215 21.2721639108
24 -0.199110806313 -6.10653718126 218.399581793 15.2070531462 21.8223429568
28 -0.196579406801 -7.12748309419 297.838905598 15.192935644 22.8432476697
30 -0.197943623391 -7.67874027389 339.929207268 15.1857706708 23.3945048494
32 -0.195970454519 -8.25163935849 383.138181937 15.1893578211 23.967403934
34 -0.197356324356 -8.75624124015 420.971850192 15.1837632297 24.4720058157
36 -0.197909407889 -9.12272324737 448.396037416 15.1818008469 24.8385290229
38 -0.199285986565 -9.5473992626 479.870890303 15.1766256323 25.2631638381
40 -0.199996993521 -9.8755550474 504.182649338 15.178481344 25.5913196229
STOP_J

Ks
5 0.288430953603 -2.71891910541 3.15858505774 14.2225912351 18.4396451549
10 0.527393789199 -2.53168552887 8.94520182582 13.794718742 18.2524115784
15 0.578835473568 -2.97193777452 49.8676056258 13.6815185915 18.692663824
18 0.592283463345 -3.47642249679 92.4086349587 13.6409402379 19.1971485463
20 0.601616729269 -3.93908777635 130.643968655 13.6176690108 19.6598138258
22 0.605628667086 -4.43351205866 170.915591008 13.6114509713 20.1542381082
24 0.611260427164 -4.98023679695 215.142087141 13.5935167456 20.7009708294
28 0.621643513559 -6.01972661876 297.578008192 13.5858394913 21.7404606512
30 0.618661697605 -6.46601961208 332.545736803 13.5787352132 22.1867709504
32 0.622578253907 -6.96884560754 371.718982509 13.5733798673 22.6895969458
34 0.620801296923 -7.43177427492 407.287880797 13.5790113955 23.1525335973
36 0.623997803093 -7.68932518608 427.246158795 13.5720486347 23.4100845085
38 0.623086009432 -8.06688330339 456.163620009 13.5733749516 23.7876093529
40 0.625544046557 -8.43794458825 484.604085183 13.5720421819 24.1586786207
STOP_Ks

H
5 0.139948924159 -2.63862295861 3.03443315945 14.7211451813 18.3496466184
10 0.378614266164 -2.79624173264 36.5746143722 14.3580611912 18.5072653924
15 0.425509311652 -3.68481771545 113.702372192 14.2669210924 19.3958413753
18 0.436423853241 -4.46587406586 177.398330781 14.2417335139 20.1769371709
20 0.440067796908 -4.99194292952 218.989526422 14.2247702142 20.7030060346
22 0.443585908455 -5.70168113745 274.831250213 14.2160612759 21.4128134332
24 0.444796556141 -6.34418057089 324.08891467 14.2081988931 22.0552347643
28 0.443490933217 -7.7261779145 427.382391502 14.2059231673 23.4372937706
30 0.443273812908 -8.3558891382 473.718410675 14.1999618289 24.0669285411
32 0.442512700119 -8.92634044517 515.014372325 14.1999343619 24.6374258596
34 0.437775041627 -9.55757809998 559.85137094 14.200368656 25.2686017598
36 0.435585729584 -10.1151783352 599.220231162 14.2023465493 25.8262177381
38 0.433801420886 -10.5204475299 627.688664965 14.2038765875 26.231456397
40 0.431352680306 -11.0276530266 662.925609071 14.2040254975 26.7387540943
STOP_H

